20
1 2
1 3
1 4
1 10
1 11
1 12
1 13
1 14
1 15
1 16
1 17
1 18
1 19
1 20
2 11
2 12
2 13
2 14
2 15
2 16
2 17
2 18
2 19
2 20
3 5
3 20
4 2
4 5
4 6
4 12
4 20
5 2
5 5
5 6
5 17
5 20
6 5
6 6
6 11
6 17
6 20
7 1
7 2
7 5
7 6
7 8
7 10
7 11
7 12
7 13
7 14
7 17
7 20
8 1
8 2
8 5
8 6
8 8
8 9
8 11
8 12
8 13
8 14
8 17
8 18
8 19
8 20
9 1
9 2
9 4
9 5
9 6
9 8
9 9
9 10
9 12
9 13
9 14
9 20
10 1
10 2
10 20
11 7
11 14
11 15
11 17
11 18
11 19
11 20
12 1
12 2
12 10
12 14
12 15
12 17
12 18
12 19
12 20
13 4
13 5
13 6
13 7
13 8
13 9
13 10
13 14
13 15
14 1
14 2
14 4
14 5
14 6
14 13
14 14
14 15
14 16
14 17
14 19
14 20
15 1
15 2
15 4
15 5
15 6
15 8
15 9
15 10
15 12
15 15
15 16
15 17
16 1
16 9
16 10
16 13
16 15
16 19
16 20
17 5
17 8
17 13
17 17
17 18
17 19
17 20
18 2
18 4
19 6
19 9
19 10
19 11
20 1
20 3
20 7
20 9
20 10
20 11
20 12
20 13
20 14
20 15
20 16
20 17
20 18
20 19