------------------------------------------------------------------------------------------------------------------------------------------------------------------
|  1.00    1.00    1.00    1.00    1.00    1.00    1.00    1.00    1.00    1.00    1.00    1.00    0.89    1.00    0.81    1.00    1.00    0.56    0.76   [0.46] |
|  1.00    1.00    0.63    0.22    0.69    1.00    0.11    1.00    0.75    0.24    1.00    1.00    0.61    1.00    0.99    1.00    1.00    0.22   [0.13]   1.00  |
|  1.00    1.00    0.15    0.29    0.36    0.22    0.30    1.00    0.29    0.44    1.00    1.00    0.97    0.02    0.02    0.21    1.00   [0.56]   0.95    1.00  |
|  1.00    1.00    0.77    0.76    1.00    1.00    1.00    1.00    0.47    0.55    1.00    1.00    0.73    1.00    1.00    0.52    1.00   [0.09]   0.99    1.00  |
|  1.00    1.00    0.98    0.28    0.74    0.18    1.00    0.73    0.65    0.02    0.22    0.64    0.51    1.00    1.00    0.65    0.78   [0.48]   0.96    1.00  |
|  1.00    1.00    0.61    0.67    0.58    0.85    0.81    0.92    0.87    0.06    1.00    1.00    1.00    1.00    1.00    1.00   [0.26]   0.94    0.40    1.00  |
|  1.00    1.00    0.14    0.28    0.74    0.94    1.00    1.00    1.00    0.93    1.00    1.00    1.00    1.00    0.33   [0.85]   0.72    0.08    0.70    1.00  |
|  1.00    1.00    0.31    0.76    0.19    0.35    1.00    1.00    1.00    0.24    0.64    0.66    0.42    1.00   [0.39]   1.00    1.00    0.22    0.74    1.00  |
|  1.00    1.00    0.12    1.00    0.29    0.66    1.00    1.00    1.00   [0.03]   0.77   [0.06]  [0.23]  [0.79]   1.00    0.10    0.54    0.72    0.79    1.00  |
|  1.00    1.00    0.58    0.68    0.23    1.00    1.00    1.00   [0.78]   0.27   [0.24]   0.77    0.32    0.37    0.31    0.46    0.34    0.55    1.00    1.00  |
|  1.00    0.58    0.42    0.70    0.84   [0.14]   1.00   [0.00]   1.00    0.51    0.89    1.00    1.00    0.38    1.00    1.00    0.63    0.85    1.00    1.00  |
|  0.41    0.84    0.31    0.42   [0.04]   0.19   [0.60]   1.00    1.00    0.75    0.03    0.96    1.00    0.63    1.00    1.00    0.83    0.48    1.00    1.00  |
|  0.10    0.91    0.46    0.66   [0.03]   0.53    1.00    1.00    1.00    0.20    0.14    0.75    1.00    0.39    1.00    0.68    1.00    0.96    0.69    0.22  |
|  0.21    0.95    0.37   [0.42]   0.27    0.87    0.58    0.44    0.73    0.42    1.00    0.14    1.00    0.49    0.61    0.91    0.36    0.71    0.87    1.00  |
|  0.14    0.58   [0.02]   1.00    1.00    1.00    1.00    1.00    1.00    0.73    0.30    0.65    1.00    1.00    1.00    0.84    0.49    0.19    1.00    0.85  |
|  0.34   [0.53]   1.00    1.00    1.00    1.00    1.00    1.00    1.00    0.58    0.92    0.70    1.00    1.00    1.00    0.21    1.00    0.11    0.77    0.48  |
|  1.00   [0.34]   0.56    0.76    0.64    0.45    0.36    0.94    1.00    0.07    0.66    0.36    1.00    1.00    1.00    0.31    0.45    1.00    0.03    0.16  |
|  1.00   [0.23]   0.62    0.30    0.41    0.72    0.59    0.88    0.60    0.85    0.94    0.84    0.79    0.96    0.27    0.63    0.05    0.10    0.31    1.00  |
|  1.00   [0.37]   1.00    1.00    1.00    0.67    1.00    1.00    1.00    1.00    0.01    1.00    0.81    1.00    1.00    0.24    0.59    1.00    0.09    0.51  |
| [0.35]   0.40    0.20    0.10    0.36    0.89    1.00    1.00    1.00    1.00    0.95    1.00    0.56    1.00    1.00    1.00    0.19    0.16    0.85    1.00  |
------------------------------------------------------------------------------------------------------------------------------------------------------------------

